1219755883690774529
1219755875407224832
1219755707001659393
1219755610494861312
1219755586272813057
1219755378428338181
1219755293397012480
1219755288988798981
1219755197645279233
1219755157438828545
1219755143748558849
1219755033006366722
1219754976622215169
1219754815388958720
1219754684967112705
1219754481006645253
1219754279659016198
1219754242732449792
1219754232498266112
1219754229394329600
1219754219177201664
1219754166622416896
1219754028957085698
1219753933968592897
1219753865802895361
1219753863940648965
1219753500554465281
1219753470116421636
1219753292571594754
1219753046311342091
1219752899636613121
1219752433921880064
1219752383883960320
1219751997794062337
1219751937089949696
1219751790654185473
1219751426471137281
1219751345944715264
1219751321340907520
1219751287027187713
1219750935112704002
1219750541250760708
1219750044150063104
1219749960431931392
1219749935945605122
1219749757888925698
1219749319038984192
1219749275372007427
1219749048229355520
1219748953836720129
1219748719756636160
1219748381276307456
1219748355363962884
1219748239123062784
1219748139130769408
1219748061553004544
1219747843373772800
1219747786071007232
1219747749031268355
1219747491265929217
1219747361473298434
1219746991850258437
1219746664342155265
1219746544955453441
1219746508955967488
1219746235038474243
1219746203652456448
1219746154621165568
1219771652487237637
1219771441048162306
1219771346768596992
1219771343811436545
1219771311448215553
1219771106875166721
1219771081369714688
1219770958254350337
1219770839291322368
1219770813215277057
1219770740129529856
1219770694655008768
1219770536689065984
1219770482096070656
1219770395995164672
1219770194379386881
1219770108375027712
1219769916233900032
1219769777121636353
1219769725334573058
1219769722171994112
1219769686780346374
1219769648637468678
1219769479938351105
1219769328872120320
1219769304893157381
1219768903116607488
1219768842869792768
1219768826046353413
1219768822321860615
1219768733310291969
1219768657280032768
1219768593153286147
1219767959608086528
1219767852921540608
1219767818863902722
1219767794801221639
1219767781471719425
1219767709090635776
1219767673602613249
1219767592170094592
1219767567507607552
1219767394312257537
1219767362104119296
1219767262737051655
1219767106633453569
1219767020603965440
1219767006703939584
1219766974978428930
1219766856711593987
1219766807902420992
1219766634493235200
1219766468310487041
1219766322009079810
1219766009218981889
1219765921528602630
1219765513514930176
1219765316382752768
1219765213622231040
1219765002380496898
1219764926287433728
1219764855265267715
1219764822897758208
1219764781197991942
1219764562674835462
1219764492231249921
1219764428511567873
1219764379924582401
1219764267253141506
1219764198114238464
1219764042278944768
1219764024633589761
1219764011207663626
1219763961983270912
1219763837626306561
1219763810728280064
1219763727639228418
1219763725588205569
1219763623570169856
1219763556259729408
1219763526341779457
1219763518234189824
1219763424097337346
1219763396532264962
1219763294761676800
1219763192932507648
1219763184577531906
1219763170006523904
1219763082530119680
1219763080575377408
1219762793462759425
1219762774374604800
1219762670733127680
1219762597097951234
1219762490193727488
1219762466697175040
1219762441690718208
1219762408589316096
1219762396828504064
1219762395460988928
1219762240573886464
1219762239491588096
1219762115105288192
1219762097917255680
1219761927200505856
1219761924700655616
1219761890794131456
1219761783746985984
1219761757012549634
1219761514132987905
1219761450677305344
1219761426518200320
1219761340077813761
1219761153389162499
1219761037563424768
1219761029753778178
1219761012242558979
1219760898006495233
1219760826028109824
1219760733870706688
1219760706029084672
1219760688345899008
1219760658406731776
1219760441032921088
1219760290935595008
1219760249630023682
1219760186564329474
1219760154553405440
1219760150363271173
1219759888831696897
1219759882544566278
1219759681301671938
1219759656207294465
1219759539215568898
1219759369769775105
1219759098687717376
1219759087652499457
1219759021240000517
1219759004022398978
1219758887756345344
1219758873394810880
1219758849982287872
1219758297009442817
1219758214499184643
1219758071481679875
1219758037637816320
1219757910366081024
1219757722293428224
1219757614273310722
1219757541418291200
1219757239436808192
1219757181903478791
1219757133702541313
1219756852302381056
1219756717078007808
1219756655862218753
1219786559450316806
1219786281003012097
1219786170177073152
1219786112325111809
1219786102590099466
1219786101151469569
1219786091793829888
1219785796208746497
1219785759277772800
1219785706505035776
1219785691019776000
1219785670417358852
1219785654227230720
1219785600921997313
1219785340153745413
1219785324013981697
1219785251314196480
1219785007952285696
1219784700425715712
1219784626253828096
1219784477024641031
1219784422049882112
1219784288687792128
1219784126762385414
1219784113588260865
1219784027625816064
1219783944192679936
1219783589648158720
1219783521818030080
1219783509147115521
1219783336081539073
1219783273519423495
1219783131747831808
1219782427825983488
1219782254576263168
1219782244388298753
1219781988674166784
1219781870944079873
1219781732746104834
1219781517787922438
1219781515573248000
1219781104653213701
1219781023023685633
1219780718680633344
1219780650233810945
1219780443450552326
1219780391491579904
1219780358717280256
1219780294036815873
1219780017594470402
1219779912678232064
1219779715780628480
1219779675339157504
1219779506442948608
1219779453901058049
1219779091173429252
1219779027877036033
1219778986802155520
1219778938907459589
1219778891134525441
1219778881936216064
1219778666877448192
1219778634019483648
1219778617510678528
1219778600808800256
1219778294238699520
1219778207202914305
1219778142732156928
1219778053167099904
1219777910610878464
1219777852981284864
1219777847117713408
1219777744432586752
1219777473094791168
1219777385106530304
1219777379930865664
1219777134958280704
1219777096966340608
1219777055778230272
1219776948420927488
1219776872386613254
1219776701435195392
1219776610938900482
1219776448812273664
1219776388758065152
1219776258160177153
1219776216456224770
1219776192368250883
1219775948184260609
1219775916827480065
1219775789270351873
1219775732957605889
1219775555626729474
1219775534437031936
1219775491554476032
1219775422738706435
1219775214965293056
1219775213283483649
1219775139719438336
1219775121398747136
1219775070748450816
1219774984245084162
1219774848047570944
1219774843652132864
1219774331556913159
1219774267153375238
1219774205849489408
1219774205362941954
1219774023246192640
1219773791888216064
1219773685180981253
1219773434500173824
1219773410743476226
1219773363985342464
1219773234838736897
1219773165691256837
1219772993586499584
1219772902486224896
1219772687737741312
1219772648466604043
1219772607681220609
1219772539657912329
1219772520687120384
1219772340558614528
1219772303690608640
1219772159603527683
1219772064296361986
1219771981056200704
1219771665762213888
1219801718998781952
1219801654909861888
1219801528216633344
1219801507085746176
1219801123004932096
1219801022601859072
1219800811817111559
1219800756238159872
1219800713955565569
1219800639288631303
1219800461554921472
1219800347016822784
1219800311348383746
1219800222164975617
1219800107018645504
1219800077197144064
1219800045496623104
1219799835043217408
1219799791556681728
1219799768546803714
1219799705682698240
1219799629899890688
1219799623759384580
1219799526199975942
1219799271748329472
1219799143570259968
1219798611405312000
1219798593562906624
1219798266608586754
1219798143044374528
1219798012660080640
1219798005420822528
1219797876127215616
1219797821504679937
1219797759382802432
1219797234029494272
1219797087505784832
1219796864062513153
1219796851416678400
1219796705132056577
1219796588085809153
1219796550957830145
1219796449694834688
1219796218815053824
1219796216659103744
1219796170513534976
1219796163802562560
1219796141253857280
1219796038220963841
1219795792153591808
1219795583050944512
1219795570224549888
1219795376061870080
1219795370223525888
1219795018371584000
1219794987451158528
1219794504481419267
1219794475624620033
1219794407253110784
1219794278429483008
1219794201891627008
1219794180274151424
1219794006822936576
1219793993992736775
1219793979694374912
1219793922567888898
1219793775855190017
1219793745958146049
1219793703566364672
1219793630082134018
1219793310325194752
1219793260773879810
1219793078216724485
1219793000638926849
1219792941327122432
1219792871357698048
1219792869277474818
1219792843037868032
1219792740940230658
1219792736779304960
1219792549390450691
1219792411615997953
1219792316300324866
1219791938846523392
1219791708633718785
1219791591222714368
1219791407377895424
1219791218743369728
1219791075595956225
1219790998953512960
1219790569775386624
1219790239616638976
1219790008829136896
1219789863295254528
1219789760048353282
1219789595895914497
1219789485564514304
1219789360725483520
1219789322427273217
1219789315707830273
1219789284842053634
1219789237169598464
1219789215761883136
1219789207708884992
1219789191120334849
1219789135285633025
1219788941529952256
1219788826551304197
1219788777843019778
1219788477782355968
1219788440000032768
1219788216653447168
1219788195799302144
1219788109245632512
1219787947555414016
1219787877657169921
1219787781175562240
1219787716281298944
1219787604880580608
1219787565688967168
1219787536576450561
1219787499268190208
1219787242115223552
1219787115581575168
1219787090595958785
1219786815445635072
1219786789277380609
1219801689336664064
1219816948000681985
1219816939142381569
1219816891025367042
1219816884385845249
1219816768417476608
1219816710049423361
1219816688948076544
1219816486119698432
1219816440288681985
1219816435989479426
1219816431434502144
1219816381862109185
1219816098486353920
1219816060121223168
1219816038176440322
1219816002868764672
1219815970790707200
1219815959113928704
1219815931695837185
1219815925118955520
1219815918353702912
1219815914977128449
1219815731723935746
1219815711134175233
1219815695954911232
1219815642079137793
1219815455759597569
1219815449245806592
1219815405771948033
1219815376168439808
1219815336641323009
1219815318941577217
1219815212607594506
1219815181599019008
1219815109989715969
1219815087008931841
1219814985091579904
1219814933568901121
1219814903801950208
1219814671886123008
1219814547533520897
1219814508190937089
1219814485541695488
1219814308193828865
1219814283162206208
1219814270419947521
1219814191755739137
1219814079621160961
1219814049350934528
1219813975371550720
1219813869117329409
1219813764368760832
1219813735528878080
1219813684765048832
1219813486861008897
1219813382288658432
1219813307726602242
1219813275174608896
1219813265888251905
1219813206379466752
1219813180634882048
1219813155942981632
1219813110850228225
1219813059562098689
1219813007695286272
1219812956113756161
1219812956105392129
1219812938451771398
1219812877260845056
1219812814703013891
1219812759447183360
1219812746910261248
1219812721463627776
1219812706183712770
1219812675921817600
1219812661074046977
1219812659136208896
1219812618556276736
1219812600101396481
1219812552449974272
1219812452583407619
1219812428072001538
1219812353484578817
1219812244567003139
1219812237633904641
1219812145434517504
1219811978404945925
1219811935765483520
1219811809403772928
1219811737618321411
1219811636795641859
1219811598845349888
1219811568289865728
1219811539063934976
1219811511138426880
1219811500119842816
1219811459200249856
1219811448324546560
1219811445749104640
1219811441764642818
1219811430825771008
1219811423225696256
1219811411372711936
1219811361477275650
1219811152726822912
1219811114164224006
1219811096074297349
1219811056156938240
1219811002478292993
1219810920190353409
1219810839852548097
1219810828138008576
1219810648563113984
1219810588873961473
1219810430035615745
1219810326394347520
1219810118054764545
1219810115404079109
1219810091672788997
1219810076615217155
1219809948973928448
1219809851515207681
1219809782875463685
1219809723085676545
1219809714218979331
1219809697609334785
1219809672020004866
1219809542567071744
1219809244096143361
1219809142237552640
1219809125581971457
1219809028387360769
1219808945189072896
1219808909051015171
1219808833050161152
1219808829572972544
1219808801483784198
1219808774900330496
1219808744609107968
1219808695258943488
1219808589918932993
1219808565134790656
1219808530217046017
1219808522973667328
1219808436411650048
1219808418812350464
1219808383512891392
1219808352722657285
1219808345713868800
1219808313837154304
1219808286909915136
1219808253934174208
1219808244207685637
1219808239581265926
1219808220509884421
1219808128709074944
1219808122178625537
1219808050179006465
1219808018205798402
1219808012992438273
1219807993358946304
1219807909548261376
1219807844599336961
1219807791939911680
1219807742413680640
1219807718749302784
1219807264220909568
1219807249536901121
1219807084830773248
1219806968078045184
1219806901380296704
1219806729103446016
1219806703643848704
1219806665521823745
1219806617044209665
1219806557615030272
1219806478451634176
1219806390270746626
1219806342359199745
1219806237119975424
1219806222368628741
1219806205738192898
1219806157755363328
1219806069993676802
1219805985407164421
1219805916935135232
1219805870730567684
1219805783476453377
1219805757056548864
1219805755991363586
1219805700274053122
1219805633475567616
1219805538999001093
1219805336074215424
1219805259914252288
1219805111742017537
1219805061489946624
1219805000131543045
1219804969584484352
1219804915444273152
1219804882644824064
1219804565329121280
1219804540922404865
1219804511826395136
1219804427638509568
1219804335489548288
1219804181785001984
1219804151401656320
1219804140353642496
1219804134225911809
1219804088721793024
1219803880478904321
1219803550605144065
1219803467872497664
1219803207171440640
1219803188154355712
1219803159876505600
1219803156269408256
1219803036471549952
1219802915168088065
1219802829235208193
1219802796876152832
1219802683982389250
1219802626252070912
1219802598519164928
1219802523441086464
1219802456948867073
1219802427664293889
1219802226778165254
1219802212777357312
1219801932052627456
1219801871738490880
1219816763963015168
1219816619309821952
1219815707929665536
1219814818237935616
1219812363383332864
1219812063150653445
1219811697176612867
1219811352681897984
1219810324976562177
1219806921953181697
1219804293907116032
1219832011604418560
1219831915685056512
1219831882273230848
1219831825624788993
1219831823955648512
1219831821069844481
1219831767152001024
1219831655004721152
1219831642702798848
1219831597693833216
1219831590580301824
1219831565036875778
1219831528261160961
1219831485751939077
1219831356487847936
1219831305292124168
1219831278955970560
1219831180767350785
1219831177873244160
1219831144058802176
1219831057316372480
1219830966480322560
1219830962344693762
1219830947480293377
1219830905289703424
1219830891511349248
1219830868556099584
1219830825900027906
1219830778995052545
1219830708530745345
1219830649990909952
1219830609985425408
1219830595364278278
1219830591320809472
1219830584656007168
1219830574140911616
1219830551558836224
1219830438174302213
1219830333908058112
1219830263682752513
1219830185102434310
1219830173148774401
1219830125325357056
1219830114021728257
1219830066357710848
1219830047277608960
1219830038482186241
1219830031922475008
1219829925177200641
1219829902750273536
1219829825361399809
1219829760160870400
1219829742762778625
1219829558813155331
1219829461186682881
1219829415888261120
1219829315560443905
1219829297445310465
1219829244207030278
1219829171364487168
1219829041517084677
1219828982427701248
1219828736138391553
1219828725417762816
1219828673479684096
1219828637739843584
1219828551882563585
1219828519573655552
1219828477655797760
1219828472702332928
1219828468218781697
1219828467094573058
1219828438917189633
1219828416096034816
1219828363793248256
1219828324400152576
1219828289554075651
1219828289545523200
1219828232947671040
1219828220339638272
1219828185539338241
1219828130338279424
1219828098025213952
1219828092849573890
1219828091700146178
1219828077926072320
1219828077632483329
1219828073652215813
1219828057122299904
1219828044296347648
1219828025812029440
1219827985416474624
1219827968920387584
1219827889585229824
1219827877463707653
1219827871331414016
1219827740079263744
1219827711176323072
1219827667312226309
1219827641441759232
1219827509484834817
1219827488660041728
1219827487980638208
1219827439179894784
1219827432284413952
1219827400135057408
1219827310263721984
1219827297588563968
1219827249400008704
1219827228156055559
1219827157796577284
1219827103228555264
1219827093631979520
1219827034697818112
1219827030667038721
1219826998152810496
1219826936995708929
1219826787204681729
1219826567213223940
1219826555955957760
1219826462745944065
1219826455124688897
1219826435294220288
1219826258793529344
1219826099615686656
1219826081957646336
1219825977175482368
1219825968665120768
1219825902776807424
1219825839459704837
1219825782530412544
1219825771344269312
1219825693728571395
1219825510353723403
1219825467835998208
1219825457710813184
1219825450479837184
1219825329767899137
1219825288558891011
1219825282774945792
1219825234368319489
1219825109675855872
1219825098464493569
1219824833736761347
1219824799926476801
1219824771619328000
1219824756259803136
1219824742099824640
1219824635715342336
1219824587233546242
1219824482145067009
1219824463367172096
1219824349940604929
1219824269053612032
1219824203454529536
1219824085397647361
1219824081765306370
1219824074785902593
1219824020784205824
1219824003134697474
1219823995509297152
1219823958796591104
1219823900130975744
1219823853993701376
1219823778538106880
1219823683092566016
1219823659084394496
1219823575231860738
1219823519262896128
1219823458835673089
1219823458218999809
1219823382386159616
1219823367701876736
1219823330234003462
1219823184125366272
1219823148998119425
1219823124419502080
1219823123169591296
1219823113799528448
1219822971583389696
1219822958761381888
1219822933222158336
1219822923202146310
1219822866545250305
1219822709519065088
1219822653118255105
1219822553323184128
1219822527628873728
1219822353405947906
1219822348653588480
1219822322535714822
1219822136140976129
1219822098354462721
1219822063214583813
1219821974983045121
1219821955878215680
1219821889264050176
1219821869085417473
1219821782661648384
1219821744724369408
1219821709068398592
1219821582924673024
1219821527224537089
1219821509881028618
1219821483175948288
1219821475323990017
1219821438800146433
1219821426066087937
1219821425709576193
1219821411272814592
1219821402796232705
1219821396383162368
1219821381132505090
1219821350086463488
1219821143839911936
1219821116606337024
1219821094451863552
1219821075527127040
1219821011215896576
1219821001619525632
1219820989657145344
1219820942672551937
1219820941385007104
1219820875219759104
1219820825500618754
1219820825257353217
1219820790704525313
1219820693300240384
1219820661910245376
1219820607644160000
1219820594490941440
1219820451616231424
1219820348239204359
1219820343755526144
1219820244082003969
1219820063252983809
1219820029115555841
1219820025458122752
1219819985117335557
1219819938468155392
1219819889306681345
1219819870646198272
1219819863562125319
1219819757022543872
1219819745526140930
1219819720620179456
1219819662466277376
1219819647895162880
1219819634251177985
1219819544488960000
1219819529959698432
1219819525484503040
1219819498972291072
1219819424879792133
1219819395037294593
1219819390876536833
1219819351089565698
1219819345955708928
1219819294957006849
1219819218381819904
1219819183028015105
1219819147908931584
1219819115071856640
1219819088249118720
1219819046750670848
1219818828949086210
1219818746266648577
1219818681246437376
1219818671981330432
1219818667703185408
1219818659998248961
1219818651576164352
1219818646635237377
1219818612279664640
1219818537683865600
1219818484290351104
1219818442628292610
1219818433165946880
1219818387829927937
1219818317675929601
1219818235803119617
1219818191318372353
1219818146099425286
1219818072887840768
1219818038633082880
1219818005674319872
1219818001337327623
1219817978084167680
1219817877404049412
1219817812824186881
1219817759539781632
1219817751235256321
1219817738798895104
1219817692338716673
1219817691973869568
1219817572788580352
1219817570880180225
1219817464416083968
1219817451925516288
1219817448083464192
1219817362288861184
1219817357524205570
1219817250783399938
1219817193241751553
1219817182021869570
1219817140670410752
1219817125650542594
1219817038354558976
1219816979592351744
1219816970566209537
1219816967802101761
1219816959652462593
1219831829991239680
1219831588281696259
1219830067393519616
1219830016030081024
1219829972728070144
1219829937596559361
1219829623761952769
1219829283918700544
1219827807745802243
1219827522453590016
1219827008487612416
1219826250816151553
1219826185049231360
1219825839207936000
1219825098871447554
1219825002213560320
1219824920244424710
1219824592484593665
1219822596642017287
1219822045367656449
1219821518718406658
1219821429954437121
1219821014735118337
1219819377157005314
1219818516473270273
1219817691659350016
1219847004546834433
1219847000121847808
1219846949303533569
1219846937614131200
1219846782760427520
1219846594406899713
1219846562089750529
1219846313975529475
1219846286884556800
1219846261081329669
1219846217540231169
1219845956323233797
1219845860185509889
1219845841650765824
1219845630870376448
1219845608053387264
1219845606799216641
1219845584128921600
1219845562566090758
1219845493259268096
1219845409029398529
1219845326183354368
1219845248106536960
1219844982565167105
1219844960398315521
1219844897978621952
1219844763790249984
1219844705371992065
1219844666214047746
1219844544260214786
1219844531257872384
1219844497393082368
1219844481861599233
1219844464241520640
1219844434503720961
1219844392745422848
1219844327389716480
1219844243805687808
1219844189686337537
1219844076213690368
1219843916934967296
1219843899507793920
1219843723510501376
1219843707920441345
1219843696767787008
1219843691684057088
1219843687011815424
1219843657408356352
1219843630552272896
1219843589141823488
1219843473014018048
1219843442081054720
1219843404999352320
1219843381645533185
1219843261742927874
1219843227458637824
1219843161847144449
1219843128212897792
1219842920225873920
1219842839804358656
1219842837661044736
1219842831482642432
1219842769734139904
1219842695889162240
1219842692869476353
1219842690478673920
1219842634816065536
1219842356850987008
1219842113472471041
1219842057440845831
1219841870672486401
1219841735385329665
1219841714912808960
1219841477079183361
1219841467314778113
1219841443637809152
1219841270203457536
1219841236221063169
1219841171910004737
1219841044537319426
1219840990690676736
1219840972831567872
1219840884503650304
1219840874487533568
1219840725669597184
1219840718476234752
1219840658581553152
1219840548841959424
1219840510921248770
1219840360962084870
1219840319757455360
1219840303449956352
1219840206519422976
1219840162802343943
1219840148348768256
1219840144112586752
1219840120083251200
1219840071236349952
1219840040135729153
1219840010779873281
1219840003980718087
1219839890361327616
1219839874116866049
1219839777777897473
1219839658386956288
1219839628666077184
1219839567030702080
1219839430879399936
1219839428841156609
1219839406351106048
1219839370045403137
1219839080629854209
1219839064821706752
1219838855395737601
1219838818553139201
1219838776333230080
1219838606723907585
1219838480609677313
1219838454005149696
1219838249935310848
1219838150530351104
1219837999401160705
1219837973790973953
1219837900876943360
1219837881289605120
1219837661063655424
1219837600095199232
1219837579408707586
1219837464417914881
1219837458260676616
1219837373690851328
1219837312114286594
1219837225384513536
1219837222192631809
1219837209404231686
1219837151606644736
1219837139002765313
1219837104840151046
1219836999147905024
1219836919476977664
1219836791450030081
1219836717978439687
1219836703453564928
1219836467440160768
1219836430182039552
1219836414273019905
1219836397177143298
1219836349471232000
1219836307553153026
1219836257972490240
1219836242466103296
1219836226288717825
1219835856980189184
1219835677287899136
1219835629065908231
1219835595406610433
1219835586246131713
1219835500174856192
1219835362660323340
1219835290019336193
1219835279806058497
1219835162634129408
1219835087421935617
1219835047013842944
1219834889576624128
1219834872166080513
1219834858048032769
1219834795598831618
1219834779576586240
1219834734626230273
1219834719757463552
1219834691597021184
1219834688841318403
1219834541533089793
1219834487036620801
1219834369575022592
1219834315380379648
1219834228059312129
1219834226851188736
1219834209948205058
1219834126251020288
1219834122308390917
1219834111361257477
1219834099763904512
1219834095758389248
1219834018792951811
1219833985280479235
1219833979030900737
1219833801674719232
1219833792195633152
1219833669965230080
1219833657449381888
1219833573265629185
1219833560863006722
1219833526662717442
1219833445125255170
1219833432819159041
1219833420349460481
1219833401915535360
1219833361344159746
1219833293824282625
1219833188597542913
1219833185695080448
1219833140782477313
1219833057823166465
1219833022750564353
1219832964663500800
1219832937300086787
1219832898640965632
1219832891011629056
1219832804248342528
1219832796748951552
1219832738141941762
1219832663743197184
1219832632688758784
1219832630256066562
1219832615743770624
1219832604041601024
1219832598475628544
1219832593203564545
1219832584722620416
1219832511385284608
1219832508688162816
1219832457542823936
1219832397790760966
1219832335710818304
1219832271500402688
1219832252776898560
1219832236419112960
1219832137743863808
1219832074770796545
1219845583529111552
1219845331262722049
1219845261846953984
1219843702845136896
1219841406060990466
1219841291212619776
1219841089403789312
1219840734418747393
1219840449931829249
1219840322546601984
1219840286517366784
1219840092312756225
1219839180328431619
1219838131005874176
1219837761504440320
1219837472558895104
1219837157910540288
1219836498624647168
1219836240490463232
1219835843096891392
1219835281643196416
1219834882303512576
1219834037411336192
1219832558369665026
1219862223474122753
1219862218906324993
1219862035510562816
1219861877515153408
1219861749354004480
1219861557133434881
1219861443484553216
1219861408453664768
1219861356335124480
1219861245945372673
1219861184071045120
1219861175577370625
1219861089976049665
1219861019922784256
1219860973554749445
1219860955741532166
1219860835926970368
1219860833301221378
1219860777215168512
1219860741928427521
1219860697766481920
1219860664321069057
1219860609686278144
1219860570381389825
1219860516362952704
1219860417520001024
1219860400348418048
1219860397630672896
1219860379586551808
1219860366110445569
1219860251031285761
1219860059800338432
1219859934780612610
1219859932037570560
1219859879889981441
1219859824789217280
1219859809895243776
1219859798126137344
1219859786839269377
1219859765993660422
1219859685886648320
1219859606698188801
1219859593200726016
1219859556416671744
1219859542617534469
1219859530089025536
1219859441589219333
1219859290493784064
1219859223581995009
1219859220255756288
1219859114970492929
1219859019407527936
1219859012113485825
1219858975350345728
1219858876394287106
1219858872153858048
1219858799055400960
1219858740989644802
1219858717342158848
1219858519903670272
1219858517680689152
1219858382758141952
1219858278164901888
1219858245331800065
1219858201069273089
1219858185227468800
1219858181725327361
1219858076699742208
1219858065152806913
1219858026242416640
1219858025164525568
1219858020366077952
1219858019678162944
1219857894327209984
1219857745777610752
1219857641029005313
1219857595793428480
1219857589464436737
1219857561299619840
1219857423881719808
1219857010696630272
1219856906270990336
1219856903477645312
1219856816114487296
1219856717074325505
1219856632118562816
1219856604280934400
1219856482730237953
1219856481073295360
1219856457811652608
1219856371623112705
1219856368687091713
1219856318779088897
1219856301863440385
1219856200629735425
1219856157608566784
1219855971809464320
1219855944906993664
1219855829483974656
1219855778259046400
1219855618908966914
1219855433508065281
1219855378869096448
1219855319658061824
1219855308215988224
1219855258412814337
1219855244244353024
1219855124262076416
1219855107942166530
1219855057077669888
1219855043769196544
1219855015550038016
1219854960910725120
1219854934902038528
1219854835052400640
1219854739069972480
1219854575039078400
1219854540738125830
1219854439416131585
1219854420596285440
1219854157768798208
1219854155264581632
1219853932148613120
1219853914339717120
1219853723696074753
1219853653093187586
1219853652006846464
1219853478757052417
1219853447127691264
1219853368480321536
1219853355352113153
1219853347768791042
1219853127110627328
1219852982906281984
1219852809970995201
1219852736541478913
1219852649878581248
1219852624687702016
1219852602763952129
1219852518009819138
1219852421276499969
1219852382005186560
1219852219484463104
1219852213159247872
1219852034381316097
1219851989795921921
1219851928261349376
1219851884166438912
1219851867208978432
1219851850071052290
1219851847877431296
1219851802868355075
1219851592234500096
1219851581006336000
1219851527562629120
1219851324583485451
1219851151962726400
1219851142785458176
1219851039915950080
1219851007859077121
1219850930327293953
1219850760092930048
1219850574629363712
1219850558665682944
1219850485101760512
1219850448712105985
1219850204016521221
1219850183376195590
1219850177277759488
1219850174547333120
1219850088102711296
1219849975015800832
1219849940123426817
1219849872104394752
1219849711919751168
1219849681846534144
1219849679728447489
1219849403722158081
1219849252148477952
1219849198796849152
1219849175950594049
1219849121605062656
1219848970995822594
1219848773230161920
1219848772265631745
1219848738883231744
1219848726283456512
1219848604417835011
1219848588307718144
1219848498658578433
1219848450579169282
1219848445650825217
1219848385634734080
1219848315115835392
1219848239421083648
1219848239286976512
1219848207221579776
1219848068901875712
1219847936315543552
1219847888492212229
1219847867470438400
1219847763929812992
1219847700360744960
1219847696418250752
1219847489106268160
1219847457984610304
1219847240036077569
1219847155764076544
1219861669859299328
1219861320163418112
1219860912166719488
1219860739336200192
1219860457344946176
1219860452563247104
1219860319452839936
1219859832804663297
1219859722439778309
1219859452959969281
1219859265407467521
1219859251532718080
1219859233891467264
1219859160457601024
1219859026516664320
1219858268400410624
1219858006495490048
1219856970372567040
1219856780441858048
1219856694022291458
1219856245903044608
1219855513380196352
1219854809836081152
1219854646765850625
1219854636414189568
1219854348462653440
1219854029406138369
1219853628757790720
1219852428775960577
1219851409866153984
1219851368149680128
1219850228355854337
1219849437771485185
1219849430481821696
1219849174956548096
1219848187927678977
1219847895274250247
1219847297367830528
1219868004269338624
1219877162280505344
1219877070664339456
1219877027509043200
1219876790430093312
1219876426071052289
1219876278012125184
1219875963682476033
1219875910641487872
1219875716025737216
1219875661738905600
1219875601797926914
1219875592520093697
1219875536849248257
1219875380661645313
1219875153401667584
1219875031146168322
1219874933104422912
1219874817672798210
1219874488227069952
1219874441200455680
1219874436544811010
1219874420816105472
1219874338033274881
1219874084684779522
1219873889896914945
1219873813426589696
1219873652780556288
1219873286672330752
1219873267709669376
1219873036251344896
1219872876238532608
1219872844907261952
1219872782118457345
1219872660508856320
1219872629450067968
1219872618787946496
1219872603088859136
1219872594255630337
1219872571832684546
1219872526760677377
1219872460071456768
1219872337371201536
1219872204571258880
1219872164716797953
1219872079836786688
1219872076577685504
1219872044302684160
1219872029324849152
1219871913889214464
1219871879093080064
1219871769269547008
1219871720561106944
1219871573018017792
1219871372182245376
1219871246738841601
1219871238207594497
1219871234562740224
1219871171086209024
1219871170494730240
1219871144649555968
1219871040832188416
1219870982271225861
1219870887035445254
1219870643606282240
1219870616590999552
1219870605316513792
1219870601080397824
1219870503315230720
1219870385740636160
1219870306522804224
1219870305231015936
1219870288621342720
1219870243193085954
1219870236750405633
1219870223773454336
1219870194228703233
1219870175148687360
1219870084723806209
1219869917203324928
1219869910580518912
1219869668678103040
1219869479175245825
1219869278574387200
1219869064732008448
1219868954887254017
1219868889032593408
1219868456016703488
1219868437012525056
1219868416628207617
1219868329738932225
1219868138197487616
1219868124633190402
1219868106975145985
1219868087991795712
1219867833745563650
1219867685636526080
1219867554451283968
1219867508041105409
1219867353657331712
1219867332442501120
1219867284354871297
1219867283591434241
1219867222274969600
1219867114674233345
1219867083846144000
1219867078573690880
1219867002484989952
1219866859752673280
1219866849812320256
1219866786008576000
1219866724864012290
1219866714101280770
1219866702680219648
1219866586967871488
1219866318209540103
1219866177167675393
1219866048305999872
1219865992563699712
1219865979628462080
1219865952185212928
1219865821679362048
1219865591001026560
1219865520905781248
1219865370401611778
1219865352626221057
1219865284682452992
1219865278336634880
1219865245147070465
1219865179854295040
1219865177195192321
1219865173701382144
1219865069347135494
1219865028012064769
1219865023578697728
1219865006075854849
1219864877189099520
1219864841554288640
1219864611094237185
1219864592505102336
1219864467158315008
1219864424489472005
1219863976185434113
1219863773764173825
1219863744060252161
1219863707888451584
1219863700183625735
1219863546479009792
1219863395794591744
1219863337493680134
1219862956189442048
1219862855773753345
1219862789952421888
1219862586533064704
1219862496229699585
1219862334186848256
1219862267669426176
1219862257770868737
1219877150515286017
1219876280977498112
1219875994217005056
1219875700502491136
1219875177728598016
1219872362390159361
1219872282362777601
1219871253311430657
1219870815618887681
1219870649792884736
1219869799234203649
1219869535152394240
1219869318080389121
1219867980596572165
1219867538416291840
1219867450520375301
1219866721013526529
1219865727861059584
1219865503755169793
1219864400770863104
1219863202625998849
1219892424694169601
1219892400153415681
1219892353051373574
1219892164005527552
1219892093109227520
1219892040072220673
1219892031398350848
1219891919519543297
1219891872581193729
1219891864775675904
1219891791391903744
1219891702250389504
1219891600672735233
1219891308854157318
1219891263777820672
1219891247285985280
1219891190855806977
1219891154172497921
1219891123323191296
1219890868817100801
1219890828589424640
1219890623844704256
1219890619864309761
1219890551916564480
1219890537010016256
1219890390502793216
1219890373792845824
1219890322735599617
1219890016622645248
1219889827233107968
1219889718999093249
1219889672672776192
1219889400659750915
1219889343688400896
1219889283248672768
1219889215787266048
1219889115514068993
1219889102545457152
1219889089928990722
1219889004990148608
1219888789843259392
1219888640446255104
1219888638667972608
1219888456265957378
1219888430064160768
1219888350502379521
1219888239231717376
1219888082259824640
1219888025880031233
1219887842748325888
1219887332997812226
1219886919607185410
1219886870819110912
1219886791286763520
1219886494585950209
1219886234819973121
1219886233800839168
1219886201605410816
1219886171255459841
1219886151172886530
1219885954904670210
1219885631637196808
1219885490415063042
1219885488699531265
1219885469942632449
1219885126760321024
1219885114668261378
1219885070586142721
1219885006048251904
1219884874854739968
1219884807858966528
1219884527193149440
1219884444120539137
1219884428496920576
1219884403419222016
1219884223303012352
1219884214922792960
1219883718422224896
1219883616689434624
1219883602680406017
1219883595050909697
1219883580521738240
1219883555364524032
1219883530768904192
1219883275499405315
1219882808056909824
1219882768286371840
1219882651345047552